1489356694224318473
1493360998928904194
1488987894232633350
1457023401130971139
1453345301943705603
1445480085243367427
1444820485401980933
1425165865327157249
1436357374885912577
1431310701101031425
1427296084800442374
1396577094461661184
1402375443723001865
1396577088807874566
1379824034074873861
1392199587574779911
1389212548990394377
1386755648453447683
1376966862412656645
1367497135856492562
1361827701011587073
1354214773517393922
1352600933365112832
1347927993470087170
1325837716253237251
1336011498515271680
1307405348718870529
1308783190186905603
1277636149935292418
1275109549612191744
1265651468226498561
1238517912148881408
1237938327267000320
1238131956526784512
1221718861009051648
1194688118827474944
1061168803218948096
1199692117754499078
1171447519852646401
1154816143913377792
1162089863451049984
1168189409549803524
1167295951800868864
1143171195732447232
1148573013237030914
1134120799068131328
1123225494009339909
1130891485878996993
1129831615952236546
1125426638811017217
1114279041496825856
1113139034069458944
1116911640568573952
1112787510055325698
1113467629094744064
1095393633984020491
1068614125348110336
1067511247514546176
1063123974211756032
1060993593219993600
1039901128853475328
1048673350220963841
1040767155699113985
1047577825451151361
1034198895083941890
1029367546141724675
1028098683345100801
1027192023558905856
1026618926032023552
1002248343576342528
997236317439262720
1001591233167446016
1001404640796336128
994585463380987904
998683080679452673
991063877851975683
987308068059930624
971013841395027968
966726649441071104
966430752685600768
948616433336049665
950127003801411584
949242950659313669
906243526010306560
914912093509505024
898543301686591488
905106923263025153
894521737534197762
877101173412638720
870250319644676097
855151950081519617
850405311231926272
834810369558196224
826861035349037057
817162518330163200
816718880731234304
811998932658167808
785502365130555393
780567684421455876
