1494676465299959813
1492904978339540998
1488626453147181068
1482864012517912582
1478363631347769346
1471501840701276172
1456980435444056069
1451972542969827336
1453448242088321031
1450803727548522497
1444020458735632384
1437912807442321413
1424070135325892611
1416452187560071178
1405307656642912256
1403056372502040576
400315903377539072
1390499660842811393
1387535122971336705
1361309195660853249
1360244584991883266
1350824014646808579
1325121452719235073
1346899440989310980
1346818855298072576
1343195062591696897
1336484299458158592
1339066634296844288
1336691981981016066
1333516028245061634
1333145534765428737
1330732289018503170
1329233502139715586
1328852352787484677
1326719059602403328
1326679385966047236
1326017351960174592
1324018512055083008
1313449844413992961
1309144326417666051
1311084592338735104
1311989522255818753
1311701500880617478
1310964873271148546
1306084770300997632
1301710819349204992
1300420725837266944
1295907870802735105
1294651399863775232
1288662699170082816
1287129831306670080
1094999286281048070
1273770669214490626
1268347256748507136
1266711224391213056
1265427539008380928
1265255835124539392
1265271286789558273
1263074783673102337
1246793653294686208
1237347552321830912
1224918099486359552
1224702718754856960
1222257165966041088
1214276066086395906
1206976392665149441
1201981418429173762
1195356198347956224
1179179573541511176
1180653341539483650
1179224969642938368
1173743104098209792
1168174613827899393
1505854973300678656
1501002813534580743
1503075131106680841
1501461950735257602
1498634033382961158
1486109897838182401
1496719629019975682
1490492151171620864
575763404729745409
1488626860062035972
1491931343080636457
1486747574585417733
1488338157816930308
1486750230146134021
1487872940431527941
1482659522711859202
1480572283588689928
1478807356989444102
1473582386889723907
1467525765474443264
1461775482496724998
1458213301951807488
1458082233768677391
1446266547337670657
1447248417898520584
1445447577390878721
1435769027230683140
1432820807684739073
1424855283755520006
1427889356715413504
1427173520677556225
1420956806772371459
1418020563679842304
1417471820450631683
1414400161942474762
1409988296034373635
1405609319270387714
1406995579423576065
1404426304066404352
1399861320174899202
998897484125614080
1392118844144164866
1382360699041673220
1384609598036979712
1375109535430553608
